e.a.n.	i.s.b.n.
	0739465317
9782760408012	2760408019
9782070426829	2070426823
9782070426836	2070426831
9782070302109	2070302105
9782207251058	2207251055
9782070415687	2070415686
9782207249154	2207249158
9782070416158	2070416151
9782070417513	2070417514
9782070418367	2070418367
9782207305492	220730549X
9782070419326	2070419320
9780060518059	0060518057
9782876913455	2876913453
9780887308581	0887308589
9780887308956	0887308953
9780596009076	0596009070
9782012791114	2012791115
9782100051267	2100051261
9782871291282	2871291284
9782871291824	2871291829
9782871292050	2871292051
9782871292067	287129206X
9782871292074	2871292078
9782871292081	2871292086
9782871292098	2871292094
9782871292104	2871292108
9782871292111	2871292116
9782871292128	2871292124
9782871292135	2871292132
9782871293842	2871293848
9782871292142	2871292140
9782871292579	2871292574
9782871292586	2871292582
9782871292593	2871292590
9782871292609	2871292604
9782871293361	2871293368
9782871293378	2871293376
9782871293385	2871293384
9782871293392	2871293392
9782871293408	2871293406
9782871293149	2871293147
9782871294085	2871294089
9782871294207	2871294208
9782871294337	287129433X
9782871294474	287129447X
9782871295068	2871295069
9782871295266	2871295263
9782871295501	2871295506
9782871295976	2871295972
9782871296126	287129612X
9782871296225	2871296227
9782871293156	2871293155
9782871296331	2871296332
9782871296553	2871296553
9782871297345	2871297347
9782871297208	2871297207
9782871291497	2871291497
9782871291596	2871291594
9782871291633	2871291632
9782871291756	2871291756
9782871291800	2871291802
9782871297741	2871297746
9780735616486	0735616485
9782277222774	2277222771
9782207248577	2207248577
9782266055208	2266055208
9782277124047	2277124044
9782207249185	2207249182
9782070421671	2070421678
9782258051041	2258051045
9782258051058	2258051053
9782207249239	2207249239
9782290311257	2290311251
9782207501733	2207501736
9782207247365	2207247368
9782207301135	2207301133
9782207301142	2207301141
9782207250259	2207250253
9782266068635	2266068636
9782207251072	2207251071
9782207247983	2207247988
9782264016157	2264016159
9782264013446	2264013443
9782207304389	2207304388
9782290332832	2290332836
9782226106889	222610688X
9782070428540	2070428540
9782849465356	2849465356
9782849460955	2849460958
9782845650374	284565037X
9782845652347	2845652348
9782070780938	2070780937
9782226129741	222612974X
9780060291709	0060291702
9782266113106	2266113100
9782266075039	2266075039
9781932394443	1932394443
9782870970591	2870970595
9782037500388	2037500386
9782080686350	2080686356
0785342310054	0201310058
9782845820975	2845820976
9782212090536	2212090536
9782878581300	287858130X
9782266118286	2266118285
9780596000066	0596000065
9782259195386	2259195385
9780321246783	0321246780
9782207300015	2207300013
9782212110234	2212110235
9782709625791	2709625792
9780671027384	0671027387
9780312995423	0312995423
9780385504201	0385504209
9782207500026	2207500020
9782070418985	2070418987
9782207500750	2207500756
9782070415625	2070415627
9782207501207	2207501205
9782283018613	2283018617
9782200263171	2200263171
9780312195144	0312195141
9780312183028	031218302X
9780312330149	0312330146
9782290308288	2290308285
9782290312926	2290312924
9782290303481	2290303488
9782841722624	2841722627
9782841722204	2841722201
9782841721856	284172185X
9782258069404	2258069408
9782258058682	2258058686
9782020495752	2020495759
9782070389162	2070389162
9782070522927	207052292X
9782221096239	2221096231
9780312282998	0312282990
0636920002697	0596002696
9782253060338	225306033X
9782226127860	2226127860
9782253171850	2253171859
9782253171867	2253171867
9782253054283	2253054283
9782207250495	2207250490
9782290302972	229030297X
9782841113187	2841113183
9781582346038	1582346038
9782213615905	221361590X
9782714439345	2714439349
9780385342100	0385342101
9780752864747	0752864742
9780451213204	0451213203
9780451210555	0451210557
	0752879251
9782266072373	2266072374
9782842057565	2842057562
9782845658271	2845658273
9782841876518	2841876519
9780446611619	0446611611
9780446667906	0446667900
9780316154970	0316154970
9780752809441	075280944X
9780316734936	0316734934
9780446611640	0446611646
9780316018951	0316018953
9780446602617	0446602612
9780312963293	0312963297
9782841721009	2841721000
9782841722587	2841722589
9782841721733	2841721736
9782841722938	2841722937
9782841722945	2841722945
9782841721986	2841721981
9782841721849	2841721841
9782290330586	2290330582
9782841722327	2841722325
9782841721191	2841721191
9782841722594	2841722597
9782841723232	2841723232
9782841723249	2841723240
9782841771998	2841771997
9782848930008	2848930004
9782221092057	2221092058
9782266141178	2266141171
9782266132701	2266132709
9780802143419	0802143415
9780321481009	0321481003
9780975212806	097521280X
9782746403215	2746403218
9782207505106	2207505103
9782277217688	2277217689
9782266043755	2266043757
9782207249970	2207249972
9782290302484	2290302481
9782070426065	2070426068
9782070313716	2070313719
9780679736653	0679736654
9782207250471	2207250474
9782207249208	2207249204
9782264028815	2264028815
9782845380936	2845380933
9782841772742	2841772748
9780312336608	0312336608
0636920006961	0596006969
9782290330135	2290330132
9782742917051	2742917055
9782212111613	2212111614
9780340897102	0340897104
9780142001806	0142001805
9780340835722	0340835729
9780340733578	0340733578
9780670038718	0670038717
9780340834268	0340834269
9780340825938	0340825936
9780618773435	0618773436
9782226155023	2226155023
9782841772827	2841772829
0636920005599	0596005598
9780451207142	0451207149
9780525950073	0525950079
9780312321895	0312321899
9780345457608	0345457609
0636920002895	0596002890
9780817450410	0817450416
9780321336781	032133678X
9782070301737	2070301737
9780380789030	0380789035
9780060515188	006051518X
9780061252020	0061252026
9782290325452	2290325457
9782290303344	2290303348
9782290325094	2290325090
9782711786442	2711786447
9782845380271	2845380275
9782290136195	2290136190
9782290032046	2290032042
9782290038505	2290038504
9780425221419	0425221415
9782212117844	2212117841
9782205002294	2205002295
9782205006445	2205006444
9782205044010	220504401X
9782871297956	2871297959
9782205055917	2205055917
9782205004540	2205004549
9782205005547	2205005545
9782205049190	2205049194
9780765318275	076531827X
9782205045987	2205045989
9782205052336	2205052330
9782205053371	220505337X
9782205056693	2205056697
9782205046076	2205046071
9782205046106	2205046101
9782205046151	2205046152
9782205048636	2205048635
9782205048711	2205048716
9782205048797	2205048791
9782080813121	2080813129
9782266064880	2266064886
9780099468196	0099468190
9781844131624	1844131629
9782266112383	2266112384
9782266072472	2266072471
9782221095379	2221095375
9782221088791	2221088794
9782221090886	2221090888
9782266078597	2266078593
9780099493570	0099493578
9780385510431	0385510438
9782266107273	2266107275
9782221096109	222109610X
9780440214045	0440214041
9780385525008	0385525001
9782266110594	2266110594
9780712670593	0712670599
9782212092646	2212092644
9780132413930	0132413930
9780099450252	0099450259
9782212091717	2212091710
9781857236354	1857236351
9780441016167	0441016162
9780515101331	0515101338
9780446527088	0446527084
9781405000369	1405000368
9780330351454	0330351451
9780330351430	0330351435
9780345461629	0345461622
9780330340328	0330340328
9780345496539	0345496531
9782800117911	2800117915
9782800118321	2800118326
9782800119472	2800119470
9782800120461	2800120460
9782800121277	2800121270
9782800122014	2800122013
9782800123073	2800123079
9782800124445	280012444X
9782800126289	2800126280
9782800123134	2800123133
9782267017311	2267017318
9782264036711	2264036710
9780575070288	0575070285
9782080812384	2080812386
9782738110350	2738110355
9782207501597	2207501590
9782290005101	229000510X
9782841773053	2841773051
9782266114042	2266114042
9782266114035	2266114034
9782266027250	2266027255
0785342213140	0321213149
9780006480112	000648011X
9780006486015	0006486010
9780060758288	0060758287
9780553374452	0553374451
9780553573411	0553573411
9780553582451	0553582453
9780553582468	0553582461
9782845383197	2845383193
9782845383418	284538341X
9782845383722	284538372X
9782845383937	2845383932
9780141321400	0141321407
9782290303054	2290303054
9782870970027	2870970021
9782870970041	2870970048
9782870970058	2870970056
9782870970089	2870970080
9782870970096	2870970099
9782870970157	2870970153
9782870970430	2870970439
9781558605824	1558605827
9782290053652	2290053651
9782738113740	2738113745
0689145118322	1886411832
0636920007197	0596007191
9780321474049	032147404X
9780321501929	0321501926
9780340738900	0340738901
9782290306710	2290306711
9782070429691	2070429695
9782070315987	2070315983
9782871299615	2871299617
9782871299776	2871299773
9782871294146	2871294143
9782871296140	2871296146
9782871296249	2871296243
9782871296355	2871296359
9782871296461	2871296464
9782871296577	287129657X
9782871297048	2871297045
9782871297239	2871297231
9782871294177	2871294178
9782505000310	250500031X
9782505000921	2505000921
9782505000976	2505000972
9782871294276	2871294275
9782505001522	2505001529
9782505001676	2505001677
9782871294412	2871294410
9782871294917	2871294917
9782871295112	2871295115
9782871295358	2871295352
9782871295525	2871295522
9782871295990	2871295999
9782871297765	2871297762
9782871297970	2871297975
9782723453677	2723453677
9784088766829	4088766822
9782723439800	2723439801
9782723442091	2723442098
9782723446242	2723446247
9782723446303	2723446301
9782723450713	2723450716
9782723432931	2723432939
9782723433334	2723433331
9782723419741	2723419746
9782723421195	2723421198
9782723421201	2723421201
9782723421218	272342121X
9782723424301	2723424308
9781401302733	1401302734
9780072127485	0072127481
9782246655817	2246655811
0790145172280	0735617228
9781401200602	1401200605
9781401200923	1401200923
9782207248539	2207248534
9782259195294	2259195296
9782842774509	2842774507
9780451215727	0451215729
9782867463365	286746336X
9782283019191	2283019192
9780743258203	0743258207
9780596526894	059652689X
9780596526894	059652689X
9782266050098	2266050095
9782266050104	2266050109
9782266050401	2266050400
9780312316716	0312316712
9782266061841	2266061844
9782266082433	2266082434
9782266061834	2266061836
9782266008846	2266008846
9782253076308	2253076309
9782246600510	2246600510
9782253172383	2253172383
9782253041825	2253041823
9782253046516	2253046515
9782246600817	2246600812
9782266132091	2266132091
9782246600718	2246600715
	
9782266128537	2266128531
9782266100946	2266100947
9780812521375	0812521374
9780316067607	0316067601
9780752858760	0752858769
9782845380004	2845380003
9782845380042	2845380046
9782845380127	2845380127
9780060987107	0060987103
9780349106533	0349106533
9782020381185	2020381184
9780553801507	0553801503
9780553573404	0553573403
9780553579901	0553579908
9780553573428	055357342X
9782871299110	2871299110
9782871298168	2871298165
9782871298342	2871298343
9782871298908	2871298904
9782871299318	2871299315
9782871299875	2871299870
9782207246986	2207246981
9780441002849	0441002846
9782213610795	2213610797
9782212092066	2212092067
9781593072957	1593072953
9781593072988	1593072988
9781593072940	1593072945
9781593072971	159307297X
9781593072933	1593072937
9781593072995	1593072996
9781593072964	1593072961
9782840552901	2840552906
9782277241102	2277241105
9781846550706	184655070X
0785342205213	0321205219
9780141014579	0141014571
9781578200535	1578200539
9780965818674	0965818675
9780262640411	0262640414
0636920000525	0596000529
9782723412162	2723412164
9782723413954	2723413950
9782723414777	2723414779
9782723414784	2723414787
9782723414906	2723414906
9782723415033	2723415031
9782723415224	2723415228
9780316002929	0316002925
9782701134192	2701134196
9782207250327	2207250326
9782070733163	2070733165
9782911220005	2911220005
9782911220012	2911220013
9780817463007	0817463003
9782742920273	2742920277
9782266078016	2266078011
9782226143846	222614384X
9782277226321	2277226327
9782207503966	2207503968
9782277216919	2277216917
9782277218142	2277218146
9782207247396	2207247392
9782207305331	2207305333
9782277220879	2277220876
9782913714670	2913714676
9782277241546	2277241547
9780385607360	0385607369
9782841720262	2841720268
9782841722235	2841722236
9782266080682	2266080687
9782841722310	2841722317
9782841722617	2841722619
9782841721436	2841721434
9782266071567	2266071564
9782841721887	2841721884
9782841721993	284172199X
9782266071550	2266071556
9782266091343	2266091344
9782266111966	2266111965
9782841721801	2841721809
9782266111324	2266111329
9782266080699	2266080695
9782266090933	2266090933
9782841720668	2841720667
9782841721023	2841721027
9782841721177	2841721175
9782841721382	2841721388
9782277238928	2277238929
9782841722501	2841722503
9780060815226	0060815221
9782841721627	2841721620
9782266072908	2266072900
9780060013134	0060013133
9782277241782	2277241784
9782277241805	2277241806
9782277241799	2277241792
9782266099707	2266099701
9780061161643	0061161640
9780385603409	0385603401
9780385602648	0385602642
9780552551113	0552551112
9782290046692	2290046698
9780091874773	0091874777
9782266072885	2266072889
9780413771162	0413771164
9780552546935	0552546933
9780385409957	0385409958
9780575068858	057506885X
9780091882730	0091882737
9780552147682	0552147680
9780385605335	0385605331
9780061031328	0061031321
9780552148405	0552148407
9780060890315	0060890312
9780061370502	0061370509
9780765346292	076534629X
9782070421497	207042149X
9780375823459	037582345X
9780375823466	0375823468
9780375823350	0375823352
9782914370806	2914370806
9780201379372	0201379376
0785555865099	0764526413
9780684813783	0684813785
9781400082469	1400082463
9780545010221	0545010225
9780439784542	0439784549
9780747551003	0747551006
9782070545193	2070545199
9782070426089	2070426084
9782744008979	2744008974
7803991527265	0399152725
9780133033892	0133033899
9782226135025	2226135022
9780553384413	0553384414
9782870970669	2870970668
9782870970683	2870970684
9782870970522	2870970528
9780817440596	0817440593
9782277241355	2277241350
9782277214748	2277214744
9782246600411	2246600413
9782845800557	284580055X
9782845801837	2845801831
9782845800564	2845800568
9782845800991	2845800991
9782845801165	2845801165
9782871299509	2871299501
9782876952287	2876952289
9782723418478	2723418472
9782723418751	2723418758
9782207248898	2207248895
9782290317983	2290317985
9782290332887	2290332887
9782253072256	2253072257
9782290008478	2290008478
9782207250419	2207250415
9782221090275	2221090276
9782221090268	2221090268
9780060730550	0060730552
9780330442336	0330442333
9780330376310	0330376314
9781558608702	1558608702
9781590595008	1590595009
0689253158982	1590593898
0689253159415	1893115941
9782253072362	2253072362
9782253072447	2253072443
0071001027952	0380977427
0978446532686	0446532681
0636920006664	0596006667
9782841773251	2841773256
9780596008178	0596008171
9780393061741	0393061744
9782871292777	2871292779
9782871295334	2871295336
9782871295563	2871295565
9782871296058	2871296057
9782871296171	2871296170
9782871292784	2871292787
9782871296287	2871296286
9782871296508	2871296502
9782871296614	2871296618
9782871297116	2871297118
9782871292791	2871292795
9782871292807	2871292809
9782871292814	2871292817
9782871293262	2871293260
9782744070020	2744070025
9782871295785	2871295786
9782871295792	2871295794
9782871295808	2871295808
9782871297215	2871297215
9782871297802	2871297800
9782911755194	2911755197
0785342616224	020161622X
9780099451952	0099451956
9781416543831	141654383X
9780596008031	0596008031
9782266070775	2266070770
9782266079303	2266079301
9782267011258	2267011255
9782266025850	2266025856
9780261103252	0261103253
9780060819262	006081926X
9782723429139	272342913X
9782723419031	2723419037
9782723423670	2723423670
9782723423687	2723423689
9782723423823	2723423824
9782723423830	2723423832
9782723424318	2723424316
9782723426312	2723426319
9782723426473	2723426475
9782723426572	2723426572
9782723426794	2723426793
9782723419345	2723419347
9782723419437	2723419436
9782723420730	2723420736
9782723421225	2723421228
9782723421232	2723421236
9782723421249	2723421244
9782723421256	2723421252
9782723421263	2723421260
9782723425674	2723425673
9782723426084	2723426084
9782723429252	2723429253
9782723431484	2723431487
9782035712431	2035712432
9782723422369	2723422364
9782277242277	2277242276
9782290043547	2290043540
9782290043813	2290043818
9782290044070	2290044075
9782290044315	2290044318
9782290044599	2290044598
9782290044865	2290044865
9782290045367	2290045365
9782290045565	229004556X
9782290045701	2290045705
9782290042281	2290042285
9782290046463	2290046469
9782290046739	2290046736
9782290046753	2290046752
9782290046777	2290046779
9782290046791	2290046795
9782290046814	2290046817
9782290046838	2290046833
9782290046852	229004685X
9782290049259	2290049255
9782290049457	229004945X
9782290042311	2290042315
9782290049495	2290049492
9782290050088	2290050083
9782290050347	2290050342
9782290050934	2290050938
9782290051436	2290051438
9782290051474	2290051470
9782290051498	2290051497
9782277242338	2277242330
9782277242437	2277242438
9782290042588	2290042587
9782290042823	229004282X
9782290043509	2290043508
9780306813412	0306813416
9780345460943	0345460944
9782871293668	287129366X
9782871295471	2871295476
9782871295549	2871295549
9782871296003	2871296006
9782871296157	2871296154
9782871296256	2871296251
9782871296362	2871296367
9782871296478	2871296472
9782871296591	2871296596
9782871293675	2871293678
9782871294139	2871294135
9782871294252	2871294259
9782871294405	2871294402
9782871294849	2871294844
9782871294979	2871294976
9782871295167	2871295166
9782871295280	287129528X
9782871297055	2871297053
9782871290001	2871290008
9782871290018	2871290016
9782871290087	2871290083
9782871290230	2871290237
9782871290445	287129044X
9782871290599	2871290598
9782871290629	2871290628
9782871290667	2871290660
9782700019063	2700019067
9781569714027	1569714029
9782225849947	2225849943
9782207500248	2207500241
9782290317143	2290317144
9782290312988	2290312983
9782841771530	2841771539
9782845821347	2845821344
0636920005834	0596005830
9782226115263	2226115269
9782226052575	2226052577
9782226105622	222610562X
9782226127402	2226127402
9780446677035	0446677035
9780446617123	0446617121
9780735617254	0735617252
9782212110517	2212110510
0785342193855	0321193857
9780099457947	0099457946
9782290044551	2290044555
9782290049877	2290049875
9782070419845	2070419843
9780099464983	0099464985
9782258041646	2258041643
9782253057840	2253057843